                            ANNUAL CLIMATOLOGICAL SUMMARY

NAME: lacrosse w2300   CITY: Campoli Appennino   STATE: 
ELEV:   533 m  LAT:  42° 14' 07" N  LONG:  14° 08' 47" E

               TEMPERATURE (°C), HEAT BASE 18.3, COOL BASE 18.3

                          DEP.   HEAT  COOL                                          
        MEAN  MEAN        FROM   DEG   DEG                        MAX  MAX  MIN  MIN 
 YR MO  MAX   MIN   MEAN  NORM   DAYS  DAYS  HI  DATE  LOW  DATE  >=32 <=0  <=0  <=-18
------------------------------------------------------------------------------------
 18  01  12.6   4.4   8.0   0.0   316     0  18.9   8   0.2   18    0    0    0    0
 18  02   9.0   1.5   4.7   0.0   361     0  12.4   9  -7.3   28    0    0    5    0
 18  03  13.1   4.3   8.3   0.0   305     0  20.3  30  -1.4    1    0    0    3    0
 18  04  22.0  10.3  15.1   0.0   105    28  27.5  27   3.0    2    0    0    0    0
 18  05  23.0  12.1  16.3   0.0    84    33  29.5  31   6.2   16    0    0    0    0
 18  06  28.2  14.7  20.7   0.0    20    92  31.9  30  10.6   28    0    0    0    0
 18  07  31.9  17.7  24.2   0.0     2   167  35.9  31  15.3    8   15    0    0    0
 18  08  30.8  17.6  22.6   0.0     6   138  35.6   1  13.4   27   10    0    0    0
 18  09  27.6  14.9  20.1   0.0    29    85  31.3  12   6.4   27    0    0    0    0
 18  10  22.1  12.0  16.1   0.0    87    21  25.4   9   7.5   24    0    0    0    0
 18  11  15.9   8.0  11.2   0.0   212     0  22.1   3   2.4   30    0    0    0    0
 18  12  11.8   3.8   7.3   0.0   339     0  16.9   4  -1.4   16    0    0    2    0
------------------------------------------------------------------------------------
         20.7  10.1  14.5   0.0  1870   566  35.9 JUL  -7.3  FEB   25    0   10    0

                                PRECIPITATION (mm)

               DEP.   MAX        DAYS OF RAIN
               FROM   OBS.          OVER
 YR MO  TOTAL  NORM   DAY  DATE  .2   2   20
---------------------------------------------
 18  01 107.7    0.0  42.6   16  11   9   1
 18  02 218.2    0.0  34.8    2  16  14   3
 18  03 320.2    0.0  37.6    6  20  18   6
 18  04  60.4    0.0  18.7    9   7   5   0
 18  05 124.7    0.0  20.5   25  17  11   2
 18  06  31.3    0.0  13.7   21   8   4   0
 18  07  72.0    0.0  39.5   25   9   7   1
 18  08  96.9    0.0  25.1    8  13   9   1
 18  09  30.8    0.0  11.4    7   8   5   0
 18  10 189.7    0.0  63.8   29  10   9   3
 18  11 252.4    0.0  46.7   24  13  11   5
 18  12 120.2    0.0  59.3   14  10   7   1
---------------------------------------------
        1624.6    0.0  63.8  OCT 142  109  23

                                WIND SPEED (km/h)
                          DOM
 YR MO   AVG.  HI   DATE  DIR
---------------------------------
 18  01   1.8  28.4   17    N
 18  02   1.9  28.4   21  NNE
 18  03   2.6  32.0    2  NNE
 18  04   2.4  30.2   15    N
 18  05   1.6  30.6   25    N
 18  06   2.2  32.0   26    N
 18  07   1.8  23.8    7    N
 18  08   0.5  29.2   24    N
 18  09   0.8  33.1   26    N
 18  10   0.7  28.4   29  NNE
 18  11   1.1  56.9   25  NNE
 18  12   0.8  48.6   31    N
---------------------------------
          1.4  56.9  NOV    N
