                            ANNUAL CLIMATOLOGICAL SUMMARY

NAME: lacrosse w2300   CITY: Campoli Appennino   STATE: 
ELEV:   533 m  LAT:  42° 14' 07" N  LONG:  14° 08' 47" E

               TEMPERATURE (°C), HEAT BASE 18.3, COOL BASE 18.3

                          DEP.   HEAT  COOL                                          
        MEAN  MEAN        FROM   DEG   DEG                        MAX  MAX  MIN  MIN 
 YR MO  MAX   MIN   MEAN  NORM   DAYS  DAYS  HI  DATE  LOW  DATE  >=32 <=0  <=0  <=-18
------------------------------------------------------------------------------------
 22  01  11.3   2.2   6.1   0.0   374     0  17.5  15  -1.2   26    0    0    5    0
 22  02  13.2   4.0   8.0   0.0   286     0  17.1  24  -0.4    2    0    0    1    0
 22  03  14.5   3.2   8.3   0.0   303     1  22.1  27  -1.4   13    0    0    4    0
 22  04  18.0   6.8  10.3   0.0   187     9  24.1  15   0.1    3    0    0    0    0
 22  05  26.2  13.0  18.8   0.0    61    80  33.7  26   7.6    3    3    0    0    0
 22  06  32.3  18.1  24.5   0.0     5   189  38.2  27  13.3   10   17    0    0    0
 22  07  34.5  19.5  25.6   0.0     1   224  38.3   4  15.1    8   26    0    0    0
 22  08  30.9  17.6  24.2   0.0     6   147  35.6   4  14.1   14    9    0    0    0
 22  09  24.5  14.3  18.6   0.0    48    57  31.4   6   8.1   23    0    0    0    0
 22  10  23.6  12.4  16.8   0.0    75    32  25.4  31  10.7    2    0    0    0    0
 22  11  15.7   7.6  10.3   0.0   210     2  25.1   1   2.3   28    0    0    0    0
 22  12  13.7   6.1   9.1   0.0   271     0  16.2   7   1.9   12    0    0    0    0
------------------------------------------------------------------------------------
         21.5  10.4  12.3   0.0  1831   745  38.3 JUL  -1.4  MAR   55    0   10    0

                                PRECIPITATION (mm)

               DEP.   MAX        DAYS OF RAIN
               FROM   OBS.          OVER
 YR MO  TOTAL  NORM   DAY  DATE  .2   2   20
---------------------------------------------
 22  01  24.6    0.0   7.3    5   6   5   0
 22  02  45.0    0.0  25.8   15   5   4   1
 22  03  41.2    0.0  30.0   30   5   3   1
 22  04  57.7    0.0  26.7   22  11   4   1
 22  05   7.1    0.0   2.0   10   7   0   0
 22  06  24.1    0.0  18.1    9   3   2   0
 22  07 102.0    0.0  68.0    7   5   4   1
 22  08 113.2    0.0  23.0    6  15  11   1
 22  09 154.2    0.0  39.8    8  13  11   3
 22  10   6.3    0.0   3.5    1   2   2   0
 22  11 189.7    0.0 100.0   22   9   8   3
 22  12 172.5    0.0  34.0   10  12   9   4
---------------------------------------------
        937.6    0.0 100.0  NOV 93  63  15

                                WIND SPEED (km/h)
                          DOM
 YR MO   AVG.  HI   DATE  DIR
---------------------------------
 22  01   1.5  53.3   10  NNW
 22  02   1.6  85.0    1    N
 22  03   1.1  33.8   18    N
 22  04   0.8  32.4   18    N
 22  05   0.4  16.6    2    N
 22  06   0.5  18.7   15  NNW
 22  07   0.3  21.2    8  NNW
 22  08   1.7  10.8    8  NNW
 22  09   0.2   9.7   30    N
 22  10   0.2  12.6    1    N
 22  11   1.2  63.0   23    N
 22  12   1.1  46.4   26    N
---------------------------------
          1.1  85.0  FEB    N
