                            ANNUAL CLIMATOLOGICAL SUMMARY

NAME: lacrosse w2300   CITY: Campoli Appennino   STATE: 
ELEV:   533 m  LAT:  42° 14' 07" N  LONG:  14° 08' 47" E

               TEMPERATURE (°C), HEAT BASE 18.3, COOL BASE 18.3

                          DEP.   HEAT  COOL                                          
        MEAN  MEAN        FROM   DEG   DEG                        MAX  MAX  MIN  MIN 
 YR MO  MAX   MIN   MEAN  NORM   DAYS  DAYS  HI  DATE  LOW  DATE  >=32 <=0  <=0  <=-18
------------------------------------------------------------------------------------
 15  01  10.4   2.8   6.4   0.0   369     0  14.5   4  -1.2   29    0    0    3    0
 15  02  10.9   2.4   6.1   0.0   339     0  15.2  23  -3.9    9    0    0    5    0
 15  03  14.2   5.2   9.2   0.0   281     0  21.0  24   1.7    9    0    0    0    0
 15  04  18.9   7.8  12.6   0.0   178     9  23.8  22   3.7    7    0    0    0    0
 15  05  24.5  11.9  17.5   0.0    78    53  30.1   5   6.9   22    0    0    0    0
 15  06  28.3  14.9  20.7   0.0    24    97  32.6   5  12.2    1    1    0    0    0
 15  07  34.3  19.7  25.7   0.0     0   229  37.9  18  16.5   27   28    0    0    0
 15  08  31.7  18.4  24.1   0.0     5   177  36.6   7  14.2   22   15    0    0    0
 15  09  26.7  15.1  20.2   0.0    33    90  34.8  17   9.6   30    5    0    0    0
 15  10  19.0  11.1  14.6   0.0   121     6  23.9   4   6.9   24    0    0    0    0
 15  11  16.1   7.1  10.8   0.0   224     2  22.4   8   1.9   29    0    0    0    0
 15  12  13.8   4.1   7.8   0.0   323     0  16.9  28   1.1   30    0    0    0    0
------------------------------------------------------------------------------------
         20.7  10.0  14.6   0.0  1980   667  37.9 JUL  -3.9  FEB   49    0    8    0

                                PRECIPITATION (mm)

               DEP.   MAX        DAYS OF RAIN
               FROM   OBS.          OVER
 YR MO  TOTAL  NORM   DAY  DATE  .2   2   20
---------------------------------------------
 15  01 147.6    0.0  49.2   30  10  10   1
 15  02 142.1    0.0  29.1   22  13  12   3
 15  03 134.3    0.0  31.9   25  11   8   3
 15  04  57.6    0.0  14.8   27   6   6   0
 15  05  39.3    0.0  12.5   31   7   5   0
 15  06  48.6    0.0  31.5   24   5   4   1
 15  07  32.2    0.0  15.4   22   4   3   0
 15  08  58.0    0.0  23.9   11   7   4   1
 15  09  36.5    0.0  18.2    5   5   4   0
 15  10 314.6    0.0  78.6   14  15  14   4
 15  11  58.7    0.0  41.8   21   5   3   1
 15  12   0.0    0.0   0.0   16   0   0   0
---------------------------------------------
        1069.5    0.0  78.6  OCT 88  73  14

                                WIND SPEED (km/h)
                          DOM
 YR MO   AVG.  HI   DATE  DIR
---------------------------------
 15  01   3.0  59.8    1    N
 15  02   3.3  86.0    9  NNE
 15  03   4.8  91.7    6  NNE
 15  04   2.8  67.6    6    N
 15  05   2.3  33.8   15    N
 15  06   2.4  35.2    9    N
 15  07   2.4  46.0   23    N
 15  08   2.1  30.2   11    N
 15  09   2.4  32.0   21    N
 15  10   1.9  39.2   31    N
 15  11   2.0  54.3   26  NNE
 15  12   1.5  35.0   10    N
---------------------------------
          2.6  91.7  MAR    N
