                            ANNUAL CLIMATOLOGICAL SUMMARY

NAME: lacrosse w2300   CITY: Campoli Appennino   STATE: 
ELEV:   533 m  LAT:  42° 14' 07" N  LONG:  14° 08' 47" E

               TEMPERATURE (°C), HEAT BASE 18.3, COOL BASE 18.3

                          DEP.   HEAT  COOL                                          
        MEAN  MEAN        FROM   DEG   DEG                        MAX  MAX  MIN  MIN 
 YR MO  MAX   MIN   MEAN  NORM   DAYS  DAYS  HI  DATE  LOW  DATE  >=32 <=0  <=0  <=-18
------------------------------------------------------------------------------------
 16  01  10.9   3.2   6.6   0.0   360     0  16.3   9  -3.5   20    0    0    3    0
 16  02  13.6   5.4   9.0   0.0   268     0  19.6  16   0.5    5    0    0    0    0
 16  03  14.1   5.1   8.8   0.0   272     1  24.3  31   0.9    3    0    0    0    0
 16  04  21.3   9.4  14.6   0.0   130    24  27.4   6   1.8   26    0    0    0    0
 16  05  21.7  10.2  15.2   0.0   119    29  29.3  27   5.0    2    0    0    0    0
 16  06  26.5  14.2  20.0   0.0    36    76  34.3  24  10.2   20    3    0    0    0
 16  07  31.5  17.9  23.8   0.0     5   176  35.5  23  13.1   17   20    0    0    0
 16  08  30.8  17.4  23.0   0.0     6   147  33.9  27  11.9   13   13    0    0    0
 16  09  25.1  14.2  18.6   0.0    40    50  33.5   3  11.3   19    2    0    0    0
 16  10  20.2  10.6  14.7   0.0   125    12  25.5  14   5.2   12    0    0    0    0
 16  11  15.4   7.0  10.5   0.0   231     0  19.6  22   1.2   30    0    0    0    0
 16  12  12.8   3.4   7.3   0.0   336     0  16.9  26  -0.9   19    0    0    3    0
------------------------------------------------------------------------------------
         20.3   9.8  13.5   0.0  1933   519  35.5 JUL  -3.5  JAN   38    0    6    0

                                PRECIPITATION (mm)

               DEP.   MAX        DAYS OF RAIN
               FROM   OBS.          OVER
 YR MO  TOTAL  NORM   DAY  DATE  .2   2   20
---------------------------------------------
 16  01 148.8    0.0  25.0   15  13  12   3
 16  02 192.4    0.0  41.0   28  17  14   2
 16  03  69.5    0.0  14.8    3  11   7   0
 16  04 146.4    0.0  55.3   24   8   7   3
 16  05 150.8    0.0  31.2   15  11  11   3
 16  06  83.9    0.0  25.1   19  12  12   1
 16  07  86.0    0.0  85.8    6   1   1   1
 16  08  22.2    0.0   6.8    2   6   5   0
 16  09  74.7    0.0  30.8   16  10   7   1
 16  10 115.7    0.0  33.1    2  12  10   3
 16  11  95.7    0.0  24.5    6   8   7   1
 16  12   8.0    0.0   5.1   19   2   2   0
---------------------------------------------
        1194.1    0.0  85.8  JUL 111  95  18

                                WIND SPEED (km/h)
                          DOM
 YR MO   AVG.  HI   DATE  DIR
---------------------------------
 16  01   2.3  75.5   17  NNE
 16  02   2.4  55.8    4  NNE
 16  03   2.5  53.3   20    N
 16  04   1.9  25.6    8    N
 16  05   2.1  44.2    3    N
 16  06   1.8  26.6   24    N
 16  07   2.3  26.3    6    N
 16  08   2.9  56.5   30    N
 16  09   1.9  28.1   14    N
 16  10   1.9  27.7   28    N
 16  11   1.9  53.2   29  NNE
 16  12   2.2  33.6   17    N
---------------------------------
          2.2  75.5  JAN    N
