                            ANNUAL CLIMATOLOGICAL SUMMARY

NAME: lacrosse w2300   CITY: Campoli Appennino   STATE: 
ELEV:   533 m  LAT:  42° 14' 07" N  LONG:  14° 08' 47" E

               TEMPERATURE (°C), HEAT BASE 18.3, COOL BASE 18.3

                          DEP.   HEAT  COOL                                          
        MEAN  MEAN        FROM   DEG   DEG                        MAX  MAX  MIN  MIN 
 YR MO  MAX   MIN   MEAN  NORM   DAYS  DAYS  HI  DATE  LOW  DATE  >=32 <=0  <=0  <=-18
------------------------------------------------------------------------------------
 17  01   8.6   0.3   4.0   0.0   441     0  13.3  22  -5.7    8    0    0   12    0
 17  02  13.6   4.5   8.6   0.0   269     0  17.3  27   0.8   19    0    0    0    0
 17  03  17.8   6.1  11.3   0.0   220     6  23.9  30   1.8   12    0    0    0    0
 17  04  19.6   7.2  12.6   0.0   177     8  24.2   9   0.2   22    0    0    0    0
 17  05  24.3  11.3  16.8   0.0    83    46  28.4  12   7.3    8    0    0    0    0
 17  06  30.8  16.5  23.2   0.0     9   152  34.4  26  13.2    3   12    0    0    0
 17  07  32.6  17.9  24.3   0.0     7   193  37.6  31  12.3    3   18    0    0    0
 17  08  35.4  19.9  27.1   0.0     2   251  41.3   4  13.6   12   24    0    0    0
 17  09  24.2  12.6  17.5   0.0    57    37  28.9   5   8.1   21    0    0    0    0
 17  10  21.8  10.4  15.3   0.0   117    22  26.9  16   5.0    8    0    0    0    0
 17  11  14.3   5.5   9.4   0.0   263     0  19.0   4  -0.6   28    0    0    1    0
 17  12   9.9   2.0   5.7   0.0   386     0  14.8  24  -3.0   10    0    0    8    0
------------------------------------------------------------------------------------
         21.1   9.5  13.9   0.0  2037   718  41.3 AUG  -5.7  JAN   54    0   21    0

                                PRECIPITATION (mm)

               DEP.   MAX        DAYS OF RAIN
               FROM   OBS.          OVER
 YR MO  TOTAL  NORM   DAY  DATE  .2   2   20
---------------------------------------------
 17  01  67.3    0.0  33.6   13   7   6   1
 17  02  74.6    0.0  25.1    6   9   7   1
 17  03  82.6    0.0  26.8    5   5   5   2
 17  04 110.9    0.0  42.0   28  12   9   1
 17  05 104.1    0.0  47.9   15   7   5   2
 17  06   2.3    0.0   2.3   22   1   1   0
 17  07  73.0    0.0  27.9   14   5   5   1
 17  08   0.0    0.0   0.0    1   0   0   0
 17  09 154.4    0.0  44.4   11  10   8   2
 17  10  20.0    0.0  12.5   22   3   3   0
 17  11 151.0    0.0  48.4   29  12  10   3
 17  12 257.5    0.0  65.0   15  14  14   5
---------------------------------------------
        1097.6    0.0  65.0  DEC 85  73  18

                                WIND SPEED (km/h)
                          DOM
 YR MO   AVG.  HI   DATE  DIR
---------------------------------
 17  01   3.3  79.5    6    N
 17  02   1.7  23.0    6  NNE
 17  03   3.1  40.7    8    N
 17  04   2.5  39.6    3    N
 17  05   2.3  23.4   15    N
 17  06   2.2  24.5   18    N
 17  07   2.6  33.5   16    N
 17  08   2.6  19.1   28  NNW
 17  09   2.0  25.2   15    N
 17  10   2.5  66.2   24    N
 17  11   2.0  25.9   27  NNE
 17  12   2.4  28.8   23  NNE
---------------------------------
          2.5  79.5  JAN    N
