                            ANNUAL CLIMATOLOGICAL SUMMARY

NAME: lacrosse w2300   CITY: Campoli Appennino   STATE: 
ELEV:   533 m  LAT:  42° 14' 07" N  LONG:  14° 08' 47" E

               TEMPERATURE (°C), HEAT BASE 18.3, COOL BASE 18.3

                          DEP.   HEAT  COOL                                          
        MEAN  MEAN        FROM   DEG   DEG                        MAX  MAX  MIN  MIN 
 YR MO  MAX   MIN   MEAN  NORM   DAYS  DAYS  HI  DATE  LOW  DATE  >=32 <=0  <=0  <=-18
------------------------------------------------------------------------------------
 23  01  11.3   3.1   5.4   0.0   353     0  17.1   1  -1.9   20    0    0    2    0
 23  02  13.0   2.5   6.8   0.0   317     0  18.4  15  -3.1    8    0    0    6    0
 23  03  16.2   5.4   9.7   0.0   253     1  21.5  23   1.3   17    0    0    0    0
 23  04  16.8   6.2  10.6   0.0   223     5  23.9  22   1.0    6    0    0    0    0
 23  05  20.4  11.5  15.2   0.0   109    19  26.3  27   7.5   15    0    0    0    0
 23  06  27.6  15.4  20.7   0.0    26    98  34.8  22  10.8    1    4    0    0    0
 23  07  34.2  19.7  26.0   0.0     3   237  40.1  17  14.7    2   23    0    0    0
 23  08  31.1  17.8  23.5   0.0    11   166  36.4  22  11.9   30   18    0    0    0
 23  09  28.3  16.6  21.6   0.0    11   108  33.6  11  11.9   24    2    0    0    0
 23  10  24.9  13.8  18.3   0.0    49    53  31.2   9  10.9   31    0    0    0    0
 23  11  15.5   7.2  10.9   0.0   211     0  20.5  23  -1.0   26    0    0    1    0
 23  12  13.4   5.2   8.5   0.0   286     0  18.4  19   0.8    7    0    0    0    0
------------------------------------------------------------------------------------
         21.1  10.4  12.1   0.0  1859   691  40.1 JUL  -3.1  FEB   47    0    9    0

                                PRECIPITATION (mm)

               DEP.   MAX        DAYS OF RAIN
               FROM   OBS.          OVER
 YR MO  TOTAL  NORM   DAY  DATE  .2   2   20
---------------------------------------------
 23  01 263.4    0.0 104.5   17   9   7   4
 23  02  45.0    0.0  20.0   26   4   4   1
 23  03  57.0    0.0  17.0    1  11   7   0
 23  04 103.5    0.0  50.0   15  10   8   1
 23  05 238.0    0.0  28.0    1  23  20   3
 23  06 107.5    0.0  20.0    5  11   8   0
 23  07  10.0    0.0   5.0    1   3   2   0
 23  08  80.5    0.0  30.0   16   6   6   1
 23  09  53.5    0.0  40.5   23   5   4   1
 23  10  61.5    0.0  18.0   21   9   6   0
 23  11 231.0    0.0  75.0    5  16  15   2
 23  12  24.5    0.0  11.0    5   6   3   0
---------------------------------------------
        1275.5    0.0 104.5  JAN 113  90  13

                                WIND SPEED (km/h)
                          DOM
 YR MO   AVG.  HI   DATE  DIR
---------------------------------
 23  01   1.6  53.3   20    N
 23  02   0.8  19.4    5    N
 23  03   0.7  22.0   15    N
 23  04   0.7  32.4    3    N
 23  05   0.7  21.2   18    N
 23  06   0.6  22.7    5  NNW
 23  07   0.2  11.5   24  NNW
 23  08   0.4  25.2   20  WNW
 23  09   0.8  41.0   18  NNW
 23  10   0.6  23.0    2    N
 23  11   1.0  71.3    3    N
 23  12   2.1   7.2   15  SSW
---------------------------------
          0.8  71.3  NOV    N
