                            ANNUAL CLIMATOLOGICAL SUMMARY

NAME: lacrosse w2300   CITY: Campoli Appennino   STATE: 
ELEV:   533 m  LAT:  42° 14' 07" N  LONG:  14° 08' 47" E

               TEMPERATURE (°C), HEAT BASE 18.3, COOL BASE 18.3

                          DEP.   HEAT  COOL                                          
        MEAN  MEAN        FROM   DEG   DEG                        MAX  MAX  MIN  MIN 
 YR MO  MAX   MIN   MEAN  NORM   DAYS  DAYS  HI  DATE  LOW  DATE  >=32 <=0  <=0  <=-18
------------------------------------------------------------------------------------
 13  01  10.4   2.5   5.8   0.0   382     0  16.2  31  -2.7   19    0    0    5    0
 13  02  10.0   0.7   4.7   0.0   377     0  14.6   1  -4.1   10    0    0    7    0
 13  03  13.5   5.2   8.8   0.0   293     0  22.4  24   0.3   16    0    0    0    0
 13  04  20.7   9.0  14.0   0.0   147    20  29.5  30   4.4    4    0    0    0    0
 13  05  21.8  10.2  15.2   0.0   116    22  28.8   1   5.6   26    0    0    0    0
 13  06  26.9  13.8  19.4   0.0    52    84  34.8  19   7.3    2    5    0    0    0
 13  07  30.3  17.0  22.5   0.0    10   138  36.3  28  13.4    1    7    0    0    0
 13  08  31.3  18.1  23.7   0.0     5   173  38.1   8  13.9   28   15    0    0    0
 13  09  26.1  14.0  18.9   0.0    42    59  32.0   4   9.8   23    1    0    0    0
 13  10  21.9  12.1  16.0   0.0    88    18  24.8  21   9.4   17    0    0    0    0
 13  11  14.3   7.1  10.2   0.0   239     1  21.4   1  -1.4   28    0    0    3    0
 13  12  12.9   4.0   7.5   0.0   332     0  18.5   2   1.3    7    0    0    0    0
------------------------------------------------------------------------------------
         20.0   9.5  13.9   0.0  2088   519  38.1 AUG  -4.1  FEB   28    0   15    0

                                PRECIPITATION (mm)

               DEP.   MAX        DAYS OF RAIN
               FROM   OBS.          OVER
 YR MO  TOTAL  NORM   DAY  DATE  .2   2   20
---------------------------------------------
 13  01 252.7    0.0  45.6   20  14  13   6
 13  02 187.0    0.0  63.8   23  12  11   2
 13  03 317.4    0.0  40.5   25  19  18   7
 13  04  99.8    0.0  29.1    2  10   9   1
 13  05 115.1    0.0  19.9   31  15  13   0
 13  06  55.9    0.0  31.9    3   7   4   1
 13  07 120.2    0.0  45.6    7  10   7   2
 13  08  35.3    0.0  19.4   27   5   3   0
 13  09 151.6    0.0  38.7   29   8   8   4
 13  10  95.2    0.0  42.2    5   8   6   1
 13  11 229.6    0.0  45.0   19  17  11   5
 13  12  68.9    0.0  51.3   26   4   3   1
---------------------------------------------
        1728.7    0.0  63.8  FEB 129  106  30

                                WIND SPEED (km/h)
                          DOM
 YR MO   AVG.  HI   DATE  DIR
---------------------------------
 13  01   2.7  33.0   22    N
 13  02   3.2  51.8    3    N
 13  03   3.1  42.4   21    N
 13  04   3.0  32.7    5  NNW
 13  05   2.6  45.4    3  NNW
 13  06   2.2  27.4   12  NNW
 13  07   2.4  39.2   27  NNW
 13  08   2.5  28.4   14  NNW
 13  09   2.3  54.4   13  NNW
 13  10   2.0  21.2    6  NNW
 13  11   2.9  50.8   16    N
 13  12   3.0  82.0    1  NNW
---------------------------------
          2.7  82.0  DEC  NNW
