                            ANNUAL CLIMATOLOGICAL SUMMARY

NAME: lacrosse w2300   CITY: Campoli Appennino   STATE: 
ELEV:   533 m  LAT:  42° 14' 07" N  LONG:  14° 08' 47" E

               TEMPERATURE (°C), HEAT BASE 18.3, COOL BASE 18.3

                          DEP.   HEAT  COOL                                          
        MEAN  MEAN        FROM   DEG   DEG                        MAX  MAX  MIN  MIN 
 YR MO  MAX   MIN   MEAN  NORM   DAYS  DAYS  HI  DATE  LOW  DATE  >=32 <=0  <=0  <=-18
------------------------------------------------------------------------------------
 24  01  12.9   4.6   7.9   0.0   297     0  16.8   4  -0.8   13    0    0    1    0
 24  02  15.4   6.1   9.9   0.0   232     0  20.1  17   2.4   12    0    0    0    0
 24  03  15.9   6.9  11.3   0.0   184     2  22.9  30   2.7    7    0    0    0    0
 24  04  20.6   8.2  13.7   0.0   156    27  28.8  14   1.8   25    0    0    0    0
 24  05  22.5  11.2  16.2   0.0    91    31  28.3  16   5.9    2    0    0    0    0
 24  06  29.3  16.0  22.0   0.0    24   134  37.8  20  10.9   14    7    0    0    0
 24  07  34.6  20.1  26.1   0.0     2   239  38.5  17  15.4    4   24    0    0    0
 24  08  34.6  19.9  25.8   0.0     1   230  38.3  11  16.2   20   25    0    0    0
 24  09  25.3  14.2  18.8   0.0    48    64  33.5   8   7.3   14    4    0    0    0
 24  10  21.6  13.2  16.4   0.0    55    16  24.4  21   8.3    6    0    0    0    0
 24  11  15.3   6.8  10.5   0.0   155     1  21.8   3   1.3   24    0    0    0    0
 24  12  12.5   3.9   7.8   0.0   191     0  34.6  10  -6.4   10    1    0    2    0
------------------------------------------------------------------------------------
         21.7  10.9  16.0   0.0  1441   749  38.5 JUL  -6.4  DEC   61    0    3    0

                                PRECIPITATION (mm)

               DEP.   MAX        DAYS OF RAIN
               FROM   OBS.          OVER
 YR MO  TOTAL  NORM   DAY  DATE  .2   2   20
---------------------------------------------
 24  01  59.5    0.0  14.0    6  10   6   0
 24  02 104.0    0.0  38.0   10   4   4   3
 24  03 123.6    0.0  20.0   11  11   9   0
 24  04  32.1    0.0   7.8   24   8   7   0
 24  05 159.5    0.0  23.8    1  16  12   3
 24  06   9.3    0.0   9.3    2   1   1   0
 24  07  29.5    0.0   8.8    3   9   6   0
 24  08  67.3    0.0  23.3   13  10   8   1
 24  09 114.5    0.0  45.6    9  19  12   1
 24  10  98.9    0.0  48.7    3  14   6   2
 24  11  58.0    0.0  31.2   22   8   7   1
 24  12  52.3    0.0  16.6    8  13   7   0
---------------------------------------------
        908.7    0.0  48.7  OCT 123  85  11

                                WIND SPEED (km/h)
                          DOM
 YR MO   AVG.  HI   DATE  DIR
---------------------------------
 24  01   2.6   7.2    1    N
 24  02   3.8   7.2    1  NNW
 24  03   2.8   7.2    1  NNW
 24  04   3.2  45.7   21  NNW
 24  05   1.2   6.5    4  NNW
 24  06   2.0   2.0    1    N
 24  07   2.0   2.0    1    N
 24  08   1.7   2.0    1  NNW
 24  09   1.9  14.8   29    N
 24  10  34.8  85.7   11    N
 24  11  10.2  40.7   24    N
 24  12   7.4  22.7    6    N
---------------------------------
          3.1  85.7  OCT    N
