                            ANNUAL CLIMATOLOGICAL SUMMARY

NAME: lacrosse w2300   CITY: Campoli Appennino   STATE: 
ELEV:   533 m  LAT:  42° 14' 07" N  LONG:  14° 08' 47" E

               TEMPERATURE (°C), HEAT BASE 18.3, COOL BASE 18.3

                          DEP.   HEAT  COOL                                          
        MEAN  MEAN        FROM   DEG   DEG                        MAX  MAX  MIN  MIN 
 YR MO  MAX   MIN   MEAN  NORM   DAYS  DAYS  HI  DATE  LOW  DATE  >=32 <=0  <=0  <=-18
------------------------------------------------------------------------------------
 25  01  12.8   3.4   7.6   0.0   128     0  34.6  22  -8.8   20    0    0    0    0
 25  02 -12152940951376030707560863695875604480.0 12152940951376030707560863695875604480.0   8.4   0.0   187     0  32.6  25  -8.6   14    0    0    0    0
 25  03  -inf   inf  12.7   0.0     2     0  32.6   2   7.9    1    0    0    0    0
 25  04  -inf   inf  13.6   0.0    90     7  32.6  26   2.4    8    0    0    0    0
 25  05  -inf   inf  15.2   0.0    91    17  27.3   2   5.1   17    0    0    0    0
 25  06  -inf   inf  25.9   0.0     0    69  36.9  30  17.0   21    0    0    0    0
 25  07  30.2  17.7  23.4   0.0     8   125  37.3  25  13.2   10    0    0    0    0
 25  08  32.6  18.2  23.9   0.0     3   106  38.3  11  14.3    4   10    0    0    0
 25  09
 25  10
 25  11
 25  12
------------------------------------------------------------------------------------
         -inf   inf  16.6   0.0  512   326  38.3 AUG  -8.8  JAN   10    0    0    0

                                PRECIPITATION (mm)

               DEP.   MAX        DAYS OF RAIN
               FROM   OBS.          OVER
 YR MO  TOTAL  NORM   DAY  DATE  .2   2   20
---------------------------------------------
 25  01  50.1    0.0  17.7    3   0   0   0
 25  02  74.6    0.0  27.4   14   0   0   0
 25  03   4.0    0.0   4.0    1   0   0   0
 25  04  82.1    0.0  31.3   25   0   0   0
 25  05  75.2    0.0  16.5   16   0   0   0
 25  06  12.1    0.0   8.8   27   0   0   0
 25  07 101.1    0.0  33.0    3   0   0   0
 25  08  32.5    0.0  12.5   19   4   4   0
 25  09
 25  10
 25  11
 25  12
---------------------------------------------
        431.8    0.0  33.0  JUL  4   4   0

                                WIND SPEED (km/h)
                          DOM
 YR MO   AVG.  HI   DATE  DIR
---------------------------------
 25  01   0.0  11.2    6   NW
 25  02   0.0   0.0    1    N
 25  03   0.0   0.0    1    N
 25  04   0.0   0.0    1    N
 25  05   0.0   0.0    1    N
 25  06   0.0  10.8   27  NNE
 25  07   0.0   0.0    3    N
 25  08   0.0   0.0    1    N
 25  09
 25  10
 25  11
 25  12
---------------------------------
          0.0  11.2  JAN    N
