                            ANNUAL CLIMATOLOGICAL SUMMARY

NAME: lacrosse w2300   CITY: Campoli Appennino   STATE: 
ELEV:   533 m  LAT:  42° 14' 07" N  LONG:  14° 08' 47" E

               TEMPERATURE (°C), HEAT BASE 18.3, COOL BASE 18.3

                          DEP.   HEAT  COOL                                          
        MEAN  MEAN        FROM   DEG   DEG                        MAX  MAX  MIN  MIN 
 YR MO  MAX   MIN   MEAN  NORM   DAYS  DAYS  HI  DATE  LOW  DATE  >=32 <=0  <=0  <=-18
------------------------------------------------------------------------------------
 19  01   8.4   0.9   4.1   0.0   434     0  12.4  14  -3.5    4    0    0    9    0
 19  02  13.3   3.5   7.9   0.0   289     0  17.8  27   0.4   26    0    0    0    0
 19  03  17.2   5.9  10.9   0.0   217     3  22.5  23   0.4   13    0    0    0    0
 19  04  18.8   7.0  12.1   0.0   194    10  28.9  25   1.8   30    0    0    0    0
 19  05  17.9   8.5  12.4   0.0   182     2  21.9  22   3.6    7    0    0    0    0
 19  06  31.4  17.1  23.6   0.0    14   172  37.4  14   8.9    1   18    0    0    0
 19  07  32.4  18.5  24.6   0.0     3   198  36.5  25  14.5   14   17    0    0    0
 19  08  33.1  19.2  25.1   0.0     0   209  38.0  12  16.5   25   23    0    0    0
 19  09  27.3  14.7  20.0   0.0    28    78  30.6  13  10.9   21    0    0    0    0
 19  10  22.9  11.5  16.1   0.0    94    25  26.4   1   9.3   29    0    0    0    0
 19  11  14.4   8.2  10.9   0.0   217     0  19.5   2   4.9   21    0    0    0    0
 19  12  13.2   4.8   8.4   0.0   305     0  18.4  17  -0.9   31    0    0    1    0
------------------------------------------------------------------------------------
         20.9  10.0  14.8   0.0  1983   700  38.0 AUG  -3.5  JAN   58    0   10    0

                                PRECIPITATION (mm)

               DEP.   MAX        DAYS OF RAIN
               FROM   OBS.          OVER
 YR MO  TOTAL  NORM   DAY  DATE  .2   2   20
---------------------------------------------
 19  01  97.0    0.0  15.4   22  17  12   0
 19  02  67.8    0.0  27.9    1   6   3   1
 19  03   5.7    0.0   4.6   13   3   1   0
 19  04  95.7    0.0  16.0    4  17  11   0
 19  05 169.2    0.0  37.6   27  22  16   1
 19  06   5.1    0.0   2.3    4   6   1   0
 19  07  81.5    0.0  63.8   28   5   3   1
 19  08  47.9    0.0  29.6   24   8   4   1
 19  09  70.1    0.0  29.6    1   9   5   1
 19  10  78.6    0.0  25.1    6   8   5   2
 19  11 418.1    0.0  90.6    3  27  21   9
 19  12 187.5    0.0  63.2   21  10   7   4
---------------------------------------------
        1324.3    0.0  90.6  NOV 138  89  20

                                WIND SPEED (km/h)
                          DOM
 YR MO   AVG.  HI   DATE  DIR
---------------------------------
 19  01   1.5  74.1    2  NNE
 19  02   2.4  80.8   23    N
 19  03   1.6  79.0   12    N
 19  04   0.5  70.9   14  NNW
 19  05   0.7  87.1   21  NNW
 19  06   0.4  14.4    1   NW
 19  07   0.4  19.1   19  NNW
 19  08   0.2  18.7   31  NNW
 19  09   0.1  20.9    1  NNW
 19  10   0.2  25.2    7  NNW
 19  11   1.2  83.5   24  NNE
 19  12   1.7  47.2    9  NNW
---------------------------------
          0.9  87.1  MAY  NNW
