                            ANNUAL CLIMATOLOGICAL SUMMARY

NAME: lacrosse w2300   CITY: Campoli Appennino   STATE: 
ELEV:   533 m  LAT:  42° 14' 07" N  LONG:  14° 08' 47" E

               TEMPERATURE (°C), HEAT BASE 18.3, COOL BASE 18.3

                          DEP.   HEAT  COOL                                          
        MEAN  MEAN        FROM   DEG   DEG                        MAX  MAX  MIN  MIN 
 YR MO  MAX   MIN   MEAN  NORM   DAYS  DAYS  HI  DATE  LOW  DATE  >=32 <=0  <=0  <=-18
------------------------------------------------------------------------------------
 20  01  12.0   2.7   6.4   0.0   365     0  14.8  23  -0.1    7    0    0    1    0
 20  02  14.5   4.0   8.5   0.0   280     0  17.3  23  -0.7    7    0    0    1    0
 20  03  15.6   4.6   9.4   0.0   273     0  20.9  19  -2.2   25    0    0    1    0
 20  04  19.8   7.7  13.0   0.0   165    10  24.2  11  -0.1    2    0    0    1    0
 20  05  24.9  11.9  17.5   0.0    77    53  30.2  16   7.9    4    0    0    0    0
 20  06  25.6  13.1  18.8   0.0    55    70  32.2  29   8.3    1    1    0    0    0
 20  07  31.6  17.2  23.6   0.0    10   175  39.3  31  12.4   19   16    0    0    0
 20  08  32.9  18.5  24.8   0.0     3   203  36.6   1  12.4   31   23    0    0    0
 20  09  27.7  14.5  20.0   0.0    45   101  33.9  14   6.4   29    7    0    0    0
 20  10  19.1   8.9  13.2   0.0   166     8  23.8   3   6.3   18    0    0    0    0
 20  11  17.0   7.9  11.5   0.0   202     1  21.4  10   2.9   22    0    0    0    0
 20  12  11.2   4.1   7.1   0.0   335     0  15.4  20   1.0   28    0    0    0    0
------------------------------------------------------------------------------------
         21.0   9.6  14.5   0.0  1981   626  39.3 JUL  -2.2  MAR   47    0    4    0

                                PRECIPITATION (mm)

               DEP.   MAX        DAYS OF RAIN
               FROM   OBS.          OVER
 YR MO  TOTAL  NORM   DAY  DATE  .2   2   20
---------------------------------------------
 20  01  37.6    0.0  13.1   25   5   4   0
 20  02  41.6    0.0   9.1   14   9   7   0
 20  03 103.7    0.0  20.5   31  12   8   1
 20  04  43.3    0.0  14.8   20   8   5   0
 20  05  35.3    0.0  14.8   20   8   4   0
 20  06  90.6    0.0  37.6    5  11   6   1
 20  07  51.3    0.0  20.5    3   6   3   1
 20  08  26.8    0.0  17.7   31   4   2   0
 20  09 130.6    0.0  39.9   25  10   9   2
 20  10 162.4    0.0  50.7   15  13  11   3
 20  11  39.3    0.0  25.6   16   6   3   1
 20  12 295.2    0.0  75.2    6  18  15   4
---------------------------------------------
        1057.7    0.0  75.2  DEC 110  77  13

                                WIND SPEED (km/h)
                          DOM
 YR MO   AVG.  HI   DATE  DIR
---------------------------------
 20  01   0.2  24.8    6  NNW
 20  02   1.1  45.7    5  NNW
 20  03   0.6  36.7   24  NNW
 20  04   0.5  35.3    4  NNW
 20  05   0.5  19.1   26  NNW
 20  06   0.2  10.8   14  NNW
 20  07   0.1  16.6    7  NNW
 20  08   0.2  19.1    1  NNW
 20  09   0.2  23.8   17  NNW
 20  10   0.5  23.4    8  NNW
 20  11   1.2  75.0   21  NNW
 20  12   0.7  27.4   28    N
---------------------------------
          0.5  75.0  NOV  NNW
