                            ANNUAL CLIMATOLOGICAL SUMMARY

NAME: lacrosse w2300   CITY: Campoli Appennino   STATE: 
ELEV:   533 m  LAT:  42° 14' 07" N  LONG:  14° 08' 47" E

               TEMPERATURE (°C), HEAT BASE 18.3, COOL BASE 18.3

                          DEP.   HEAT  COOL                                          
        MEAN  MEAN        FROM   DEG   DEG                        MAX  MAX  MIN  MIN 
 YR MO  MAX   MIN   MEAN  NORM   DAYS  DAYS  HI  DATE  LOW  DATE  >=32 <=0  <=0  <=-18
------------------------------------------------------------------------------------
 21  01   8.4   1.7   4.8   0.0   414     0  14.7  30  -3.1   17    0    0   10    0
 21  02  14.1   4.2   7.7   0.0   266     0  21.8  25  -3.1   16    0    0    4    0
 21  03  14.0   3.4   8.1   0.0   314     2  22.8  31  -1.4   19    0    0    5    0
 21  04  16.6   5.7  10.0   0.0   231     4  26.6  30  -1.0    8    0    0    1    0
 21  05  23.0   9.7  15.5   0.0   114    30  30.6  24   5.8    4    0    0    0    0
 21  06  29.6  15.8  21.9   0.0    22   129  36.9  28   9.6    1    9    0    0    0
 21  07  33.3  18.1  24.8   0.0     5   207  37.4  31  13.6   15   22    0    0    0
 21  08  33.2  18.3  24.5   0.0     5   195  39.3  14  13.0   30   18    0    0    0
 21  09  28.7  15.1  20.5   0.0    22    88  32.1  26  11.5   24    1    0    0    0
 21  10  20.0   9.4  13.7   0.0   145     9  26.9   1   5.3   16    0    0    0    0
 21  11  15.2   8.6  11.4   0.0   207     2  23.9   7  -0.1   30    0    0    1    0
 21  12  11.4   3.8   7.2   0.0   341     0  20.3  31  -0.4    1    0    0    2    0
------------------------------------------------------------------------------------
         20.6   9.5  14.3   0.0  2094   672  39.3 AUG  -3.1  JAN   50    0   23    0

                                PRECIPITATION (mm)

               DEP.   MAX        DAYS OF RAIN
               FROM   OBS.          OVER
 YR MO  TOTAL  NORM   DAY  DATE  .2   2   20
---------------------------------------------
 21  01 291.7    0.0  34.3    5  23  17   8
 21  02 113.4    0.0  34.2    9   7   6   3
 21  03  96.9    0.0  51.4    9   9   5   2
 21  04  75.2    0.0  23.9   12  10   8   1
 21  05  43.9    0.0  23.9    1  10   5   1
 21  06  50.7    0.0  11.4    7   8   7   0
 21  07   6.8    0.0   4.0   18   2   2   0
 21  08  41.0    0.0  31.9   18   6   3   1
 21  09  32.5    0.0  10.8   17   6   5   0
 21  10  43.6    0.0  19.4    6   9   4   0
 21  11 275.0    0.0  54.7    3  17  15   5
 21  12 250.8    0.0  81.5    2  15  12   5
---------------------------------------------
        1321.5    0.0  81.5  DEC 122  89  26

                                WIND SPEED (km/h)
                          DOM
 YR MO   AVG.  HI   DATE  DIR
---------------------------------
 21  01   1.2  31.7   26    N
 21  02   1.2  34.6   14  NNW
 21  03   1.5  33.8   22  NNW
 21  04   0.5  19.4   23  NNW
 21  05   0.2  10.4   24  NNW
 21  06   0.2  14.8   10  NNW
 21  07   0.1  10.4    1  NNW
 21  08   0.2  17.6    1  NNW
 21  09   0.2  15.1   23  NNW
 21  10   0.6  33.1   14  NNW
 21  11   0.8  46.4    9    N
 21  12   1.3  42.8   26  NNW
---------------------------------
          0.7  46.4  NOV  NNW
