                            ANNUAL CLIMATOLOGICAL SUMMARY

NAME: lacrosse w2300   CITY: Campoli Appennino   STATE: 
ELEV:   533 m  LAT:  42° 14' 07" N  LONG:  14° 08' 47" E

               TEMPERATURE (°C), HEAT BASE 18.3, COOL BASE 18.3

                          DEP.   HEAT  COOL                                          
        MEAN  MEAN        FROM   DEG   DEG                        MAX  MAX  MIN  MIN 
 YR MO  MAX   MIN   MEAN  NORM   DAYS  DAYS  HI  DATE  LOW  DATE  >=32 <=0  <=0  <=-18
------------------------------------------------------------------------------------
 14  01  10.9   4.3   7.3   0.0   336     0  14.4  18  -1.4   29    0    0    3    0
 14  02  13.7   5.4   9.0   0.0   261     0  21.8  18   1.6   24    0    0    0    0
 14  03  15.1   5.3   9.7   0.0   265     1  22.4  20   0.3    2    0    0    0    0
 14  04  18.6   8.1  12.6   0.0   163     3  23.6   8   4.1   18    0    0    0    0
 14  05  22.0  10.2  15.2   0.0   119    24  29.0  22   6.4   18    0    0    0    0
 14  06  27.2  14.3  19.8   0.0    37    81  32.1   8   8.1    1    1    0    0    0
 14  07  27.0  15.2  20.3   0.0    25    90  32.3  20   9.8   10    1    0    0    0
 14  08  29.8  16.5  22.3   0.0     9   132  32.5  11  13.3   15    2    0    0    0
 14  09  25.2  14.1  18.8   0.0    40    53  28.8  21  11.3   24    0    0    0    0
 14  10  22.4  11.5  16.0   0.0   100    31  27.1  10   4.3   23    0    0    0    0
 14  11  17.3   8.8  12.4   0.0   174     0  20.6  30   4.9   20    0    0    0    0
 14  12  11.6   4.0   8.8   0.0   255     0  18.0   1  -5.8   31    0    0    3    0
------------------------------------------------------------------------------------
         20.1   9.8  14.6   0.0  1791   420  32.5 AUG  -5.8  DEC    4    0    6    0

                                PRECIPITATION (mm)

               DEP.   MAX        DAYS OF RAIN
               FROM   OBS.          OVER
 YR MO  TOTAL  NORM   DAY  DATE  .2   2   20
---------------------------------------------
 14  01 243.9    0.0  70.7   19  14  11   4
 14  02 190.3    0.0  31.9    1  17  15   2
 14  03 121.9    0.0  41.0    1   8   7   2
 14  04 174.4    0.0  31.9   27  18  16   3
 14  05 104.3    0.0  23.0    3  11   9   2
 14  06  89.5    0.0  29.1   15  11   7   1
 14  07 133.0    0.0  25.8   10  10  10   2
 14  08  13.7    0.0   8.0    1   4   2   0
 14  09 110.0    0.0  33.6    4   9   8   3
 14  10  65.5    0.0  42.2    2   5   3   1
 14  11 124.8    0.0  18.6   17  14  12   0
 14  12 206.5    0.0  59.8    3  10   9   4
---------------------------------------------
        1577.7    0.0  70.7  JAN 131  109  24

                                WIND SPEED (km/h)
                          DOM
 YR MO   AVG.  HI   DATE  DIR
---------------------------------
 14  01   2.8  45.7   20    N
 14  02   2.6  28.4   10    N
 14  03   3.8  56.1    9  NNW
 14  04   2.7  52.0   16  NNW
 14  05   2.3  33.1   14   NW
 14  06   2.6  37.1   16  NNW
 14  07   2.0  23.8   26  NNW
 14  08   1.9  21.0   28  NNW
 14  09   1.9  29.5    7  NNW
 14  10   1.9  50.7   22  NNW
 14  11   2.5  36.3    6    N
 14  12   2.6  80.2   30    N
---------------------------------
          2.5  80.2  DEC  NNW
